as1572 2026 0 0 2 4.0 6.0 5.0 3.0 3.0 5.0 2.0 9.0 8.0 1.0
as157 2026 0 0 2 8.0 9.0 5.0 1.0 3.0 2.0 3.0 9.0 11.0 2.0
zd69 2028 0 0 2 3.0 4.0 3.0 2.0 1.0 5.0 1.0 8.0 7.0 3.0
gg123 2028 0 0 2 5.0 4.0 5.0 3.0 1.0 3.0 2.0 5.0 7.0 5.0
eu999 2028 0 1 0 6.0 1.0 4.0 1.0 2.0 3.0 4.0 4.0 9.0 0.0
cb998 2026 1 1 8 4.0 3.0 1.0 2.0 2.0 2.0 1.0 7.0 11.0 0.0
ib997 2026 1 2 3 5.0 0.0 2.0 1.0 0.0 4.0 3.0 6.0 4.0 2.0
xa996 2027 0 2 3 6.0 7.0 4.0 0.0 0.0 4.0 0.0 1.0 4.0 3.0
hu995 2026 1 0 5 1.0 8.0 4.0 0.0 0.0 4.0 0.0 3.0 7.0 3.0
tm994 2027 2 0 6 7.0 4.0 1.0 0.0 0.0 3.0 1.0 7.0 5.0 4.0
ev993 2026 2 2 8 2.0 4.0 4.0 2.0 0.0 1.0 1.0 2.0 5.0 2.0
vc992 2026 2 0 8 7.0 8.0 5.0 1.0 0.0 1.0 3.0 7.0 1.0 1.0
ci991 2027 1 0 1 5.0 6.0 7.0 2.0 2.0 1.0 2.0 7.0 9.0 1.0
kd990 2026 0 1 5 6.0 3.0 5.0 1.0 1.0 2.0 1.0 4.0 12.0 0.0
mm989 2027 0 0 1 3.0 6.0 6.0 2.0 0.0 4.0 2.0 6.0 3.0 4.0
aw988 2027 1 0 2 5.0 4.0 7.0 1.0 0.0 2.0 2.0 8.0 2.0 3.0
tw987 2026 0 0 2 4.0 5.0 7.0 0.0 0.0 1.0 1.0 4.0 12.0 0.0
jc986 2027 0 1 6 7.0 5.0 3.0 0.0 2.0 4.0 3.0 3.0 0.0 2.0
ba985 2026 2 1 7 7.0 8.0 6.0 2.0 2.0 0.0 1.0 7.0 8.0 2.0
wi984 2025 0 1 4 0.0 4.0 7.0 1.0 1.0 4.0 3.0 3.0 8.0 0.0
mq983 2025 2 1 0 0.0 8.0 5.0 2.0 0.0 2.0 3.0 8.0 6.0 1.0
qc982 2027 2 0 2 3.0 2.0 1.0 0.0 0.0 1.0 1.0 8.0 5.0 3.0
pt981 2026 1 0 7 3.0 7.0 8.0 0.0 1.0 3.0 1.0 8.0 3.0 1.0
py980 2026 0 0 0 2.0 8.0 7.0 2.0 2.0 3.0 2.0 8.0 4.0 2.0
zi979 2027 1 2 0 4.0 6.0 1.0 1.0 2.0 0.0 1.0 0.0 2.0 2.0
uy978 2026 1 0 3 0.0 4.0 6.0 2.0 1.0 4.0 2.0 6.0 2.0 3.0
af977 2026 2 0 4 5.0 1.0 8.0 2.0 1.0 2.0 1.0 0.0 5.0 3.0
af976 2026 0 2 1 4.0 0.0 3.0 1.0 2.0 1.0 0.0 2.0 7.0 4.0
bl975 2025 0 2 4 2.0 7.0 5.0 2.0 1.0 2.0 0.0 6.0 6.0 1.0
tp974 2025 0 2 2 6.0 2.0 6.0 1.0 2.0 3.0 2.0 8.0 5.0 4.0
cz973 2027 1 1 5 4.0 4.0 8.0 1.0 2.0 4.0 2.0 2.0 4.0 3.0
uy972 2025 1 1 2 0.0 4.0 0.0 1.0 2.0 2.0 2.0 0.0 4.0 4.0
xq971 2025 1 1 8 6.0 3.0 2.0 0.0 1.0 3.0 3.0 3.0 11.0 1.0
bz970 2026 2 0 5 0.0 5.0 7.0 2.0 2.0 0.0 0.0 7.0 12.0 0.0
py969 2025 0 1 7 6.0 4.0 2.0 2.0 1.0 2.0 2.0 6.0 8.0 0.0
tv968 2025 1 0 3 7.0 2.0 3.0 1.0 2.0 1.0 1.0 7.0 7.0 0.0
ti967 2027 1 1 0 4.0 6.0 2.0 2.0 1.0 4.0 0.0 2.0 11.0 2.0
js966 2028 2 0 4 1.0 0.0 1.0 2.0 1.0 1.0 3.0 0.0 4.0 3.0
wm965 2027 2 2 4 1.0 1.0 5.0 1.0 2.0 1.0 1.0 4.0 8.0 4.0
ox964 2027 1 0 7 4.0 0.0 2.0 0.0 0.0 2.0 3.0 3.0 7.0 4.0
yn963 2026 1 2 5 7.0 4.0 7.0 1.0 1.0 4.0 4.0 2.0 6.0 4.0
sn962 2025 1 1 7 6.0 2.0 7.0 1.0 2.0 1.0 3.0 2.0 2.0 2.0
kh961 2025 0 0 6 7.0 3.0 8.0 2.0 1.0 3.0 3.0 0.0 4.0 2.0
jb960 2026 0 0 2 5.0 7.0 1.0 0.0 0.0 4.0 0.0 7.0 0.0 4.0
xa959 2027 1 0 8 0.0 0.0 1.0 2.0 0.0 0.0 0.0 7.0 12.0 2.0
rk958 2026 0 2 5 0.0 3.0 3.0 2.0 1.0 0.0 0.0 8.0 9.0 3.0
qf957 2027 0 1 8 6.0 6.0 5.0 0.0 0.0 3.0 3.0 6.0 11.0 2.0
ed956 2026 1 2 1 3.0 2.0 3.0 2.0 2.0 0.0 0.0 0.0 4.0 2.0
gk955 2026 0 0 6 2.0 5.0 2.0 0.0 1.0 3.0 2.0 2.0 6.0 2.0
oc954 2025 0 0 5 1.0 3.0 8.0 2.0 1.0 0.0 1.0 5.0 11.0 4.0
xp953 2026 0 1 8 2.0 5.0 5.0 1.0 1.0 2.0 1.0 8.0 11.0 0.0
gr952 2028 2 1 1 2.0 3.0 4.0 0.0 0.0 1.0 3.0 5.0 2.0 3.0
pu951 2026 0 0 2 0.0 1.0 0.0 0.0 0.0 0.0 3.0 1.0 11.0 4.0
oi950 2028 0 1 6 1.0 0.0 0.0 0.0 2.0 4.0 0.0 6.0 9.0 1.0
ky949 2027 0 0 6 7.0 8.0 3.0 0.0 0.0 2.0 0.0 0.0 0.0 1.0
zb948 2027 2 2 4 6.0 1.0 1.0 0.0 1.0 4.0 2.0 7.0 7.0 0.0
qg947 2026 1 0 6 2.0 7.0 5.0 0.0 1.0 0.0 0.0 6.0 12.0 3.0
pp946 2025 1 2 1 5.0 4.0 2.0 1.0 2.0 2.0 4.0 1.0 4.0 0.0
uy945 2025 1 0 0 3.0 2.0 5.0 1.0 2.0 3.0 2.0 1.0 4.0 4.0
wt944 2028 1 0 0 1.0 2.0 7.0 0.0 0.0 1.0 1.0 5.0 2.0 4.0
wj943 2027 1 1 8 2.0 1.0 5.0 2.0 2.0 2.0 4.0 6.0 4.0 3.0
ho942 2025 2 2 5 7.0 3.0 1.0 0.0 2.0 2.0 2.0 3.0 3.0 1.0
mu941 2027 0 2 1 3.0 0.0 1.0 0.0 1.0 1.0 3.0 7.0 3.0 1.0
if940 2028 2 0 5 3.0 6.0 5.0 1.0 0.0 1.0 2.0 8.0 11.0 1.0
vd939 2027 2 0 1 5.0 7.0 8.0 1.0 2.0 2.0 4.0 7.0 7.0 0.0
dr938 2027 2 1 4 4.0 7.0 4.0 1.0 1.0 3.0 1.0 2.0 10.0 2.0
mg937 2025 1 2 5 4.0 1.0 5.0 1.0 1.0 0.0 3.0 7.0 7.0 1.0
lq936 2025 2 0 7 1.0 1.0 0.0 2.0 2.0 0.0 3.0 2.0 1.0 2.0
xc935 2027 2 0 5 2.0 2.0 5.0 2.0 1.0 0.0 2.0 0.0 4.0 2.0
xn934 2025 2 1 2 2.0 7.0 7.0 0.0 1.0 4.0 2.0 3.0 6.0 4.0
gy933 2027 0 2 1 7.0 4.0 4.0 1.0 0.0 4.0 2.0 3.0 5.0 2.0
wr932 2027 2 1 6 6.0 1.0 0.0 2.0 1.0 4.0 4.0 6.0 3.0 2.0
fn931 2028 0 1 1 2.0 0.0 8.0 0.0 0.0 0.0 3.0 5.0 1.0 1.0
ij930 2025 2 0 2 4.0 1.0 3.0 0.0 1.0 2.0 4.0 3.0 1.0 2.0
tg929 2028 0 0 6 5.0 2.0 1.0 2.0 0.0 4.0 3.0 0.0 1.0 4.0
kq928 2027 1 0 0 4.0 1.0 3.0 1.0 1.0 2.0 3.0 4.0 3.0 4.0
tt927 2025 0 2 7 1.0 1.0 5.0 2.0 0.0 3.0 4.0 7.0 12.0 2.0
xk926 2025 2 0 7 3.0 7.0 4.0 1.0 1.0 2.0 2.0 6.0 3.0 4.0
rb925 2025 1 2 2 3.0 1.0 8.0 2.0 1.0 3.0 4.0 7.0 8.0 2.0
no924 2027 0 0 1 6.0 2.0 3.0 0.0 0.0 1.0 4.0 7.0 3.0 4.0
wv923 2026 2 0 3 6.0 5.0 8.0 1.0 2.0 2.0 3.0 3.0 2.0 3.0
pg922 2028 1 1 1 7.0 3.0 2.0 1.0 1.0 1.0 2.0 0.0 8.0 2.0
tb921 2025 0 2 4 6.0 6.0 3.0 2.0 1.0 0.0 1.0 0.0 12.0 0.0
fy920 2025 2 0 1 4.0 2.0 2.0 0.0 0.0 2.0 1.0 3.0 9.0 1.0
vw919 2025 2 0 3 3.0 1.0 6.0 2.0 2.0 3.0 2.0 0.0 6.0 3.0
bx918 2026 1 0 2 2.0 7.0 8.0 2.0 1.0 1.0 4.0 8.0 9.0 3.0
ga917 2027 2 2 1 7.0 0.0 0.0 0.0 1.0 2.0 2.0 1.0 11.0 0.0
ch916 2026 2 0 0 4.0 2.0 4.0 0.0 1.0 2.0 2.0 5.0 2.0 1.0
dh915 2025 0 0 5 3.0 7.0 7.0 1.0 0.0 1.0 1.0 5.0 9.0 3.0
zw914 2026 2 0 5 2.0 2.0 3.0 0.0 2.0 3.0 1.0 7.0 9.0 4.0
yz913 2026 0 1 8 0.0 2.0 4.0 0.0 2.0 3.0 2.0 8.0 11.0 2.0
qt912 2028 1 2 0 7.0 6.0 7.0 0.0 0.0 2.0 2.0 6.0 1.0 2.0
zb911 2025 2 0 6 6.0 7.0 0.0 0.0 2.0 0.0 1.0 6.0 10.0 2.0
lu910 2025 0 1 1 1.0 3.0 7.0 2.0 0.0 0.0 3.0 8.0 3.0 3.0
cb909 2026 2 1 2 6.0 0.0 8.0 2.0 2.0 0.0 2.0 3.0 0.0 0.0
xs908 2026 1 0 0 0.0 0.0 8.0 1.0 1.0 1.0 3.0 7.0 9.0 1.0
zc907 2027 2 1 1 2.0 3.0 8.0 1.0 0.0 4.0 1.0 8.0 10.0 1.0
jm906 2027 1 2 2 6.0 6.0 0.0 0.0 1.0 3.0 4.0 5.0 11.0 2.0
vh905 2025 2 2 7 0.0 3.0 2.0 1.0 1.0 1.0 1.0 5.0 2.0 1.0
dv904 2027 0 0 0 3.0 6.0 0.0 0.0 2.0 3.0 2.0 1.0 0.0 2.0
kb903 2028 1 2 7 4.0 6.0 1.0 2.0 2.0 1.0 4.0 3.0 9.0 1.0
dk902 2028 2 0 3 3.0 8.0 8.0 2.0 2.0 3.0 1.0 3.0 6.0 4.0
uh901 2026 2 2 4 7.0 2.0 3.0 2.0 2.0 1.0 1.0 8.0 3.0 2.0
ny900 2027 0 0 5 4.0 1.0 8.0 0.0 0.0 4.0 3.0 6.0 11.0 1.0
tc899 2025 2 0 7 3.0 5.0 7.0 0.0 2.0 4.0 0.0 5.0 9.0 0.0
ok898 2028 1 0 2 6.0 2.0 1.0 1.0 2.0 4.0 2.0 1.0 5.0 3.0
tc897 2025 2 1 8 4.0 2.0 5.0 0.0 1.0 3.0 4.0 6.0 5.0 2.0
fc896 2027 2 0 3 7.0 0.0 6.0 1.0 2.0 2.0 1.0 1.0 8.0 2.0
mt895 2025 1 0 7 5.0 8.0 4.0 1.0 2.0 4.0 4.0 2.0 7.0 2.0
zx894 2026 1 1 2 1.0 5.0 3.0 1.0 0.0 1.0 4.0 8.0 11.0 1.0
rw893 2026 0 2 4 1.0 0.0 8.0 2.0 2.0 0.0 1.0 5.0 10.0 4.0
cw892 2025 2 2 2 1.0 8.0 4.0 2.0 0.0 1.0 2.0 7.0 12.0 2.0
bk891 2027 0 0 3 2.0 8.0 6.0 0.0 2.0 2.0 4.0 1.0 9.0 2.0
np890 2025 1 2 4 0.0 2.0 7.0 1.0 0.0 1.0 1.0 3.0 11.0 1.0
ts889 2025 2 1 0 4.0 4.0 4.0 1.0 2.0 1.0 0.0 7.0 9.0 4.0
sy888 2028 0 1 5 1.0 2.0 7.0 1.0 0.0 0.0 1.0 4.0 4.0 0.0
at887 2028 0 1 3 6.0 0.0 8.0 2.0 2.0 0.0 0.0 3.0 4.0 4.0
ew886 2028 2 0 7 4.0 6.0 8.0 0.0 0.0 1.0 0.0 6.0 11.0 4.0
sb885 2028 1 0 2 7.0 2.0 7.0 0.0 2.0 0.0 4.0 5.0 2.0 2.0
iq884 2027 1 0 1 4.0 2.0 3.0 1.0 1.0 1.0 3.0 4.0 4.0 1.0
cz883 2025 1 2 6 2.0 4.0 6.0 1.0 0.0 0.0 1.0 5.0 8.0 0.0
pp882 2026 2 1 5 0.0 6.0 5.0 0.0 0.0 2.0 2.0 2.0 3.0 1.0
cs881 2027 1 0 0 6.0 1.0 6.0 1.0 0.0 4.0 0.0 6.0 1.0 4.0
jw880 2025 1 0 2 2.0 4.0 2.0 1.0 1.0 3.0 1.0 1.0 0.0 1.0
wp879 2028 1 2 4 6.0 7.0 3.0 2.0 2.0 0.0 0.0 1.0 8.0 2.0
uw878 2028 1 0 8 4.0 3.0 1.0 1.0 0.0 3.0 4.0 3.0 10.0 3.0
sw877 2027 1 0 6 0.0 6.0 0.0 2.0 2.0 4.0 3.0 8.0 7.0 4.0
sr876 2025 2 2 6 0.0 6.0 0.0 2.0 0.0 0.0 4.0 5.0 2.0 0.0
rf875 2028 1 2 4 7.0 8.0 5.0 0.0 0.0 0.0 3.0 0.0 3.0 1.0
tg874 2025 2 2 7 1.0 2.0 5.0 2.0 1.0 3.0 2.0 6.0 5.0 1.0
as873 2027 2 1 2 1.0 6.0 3.0 1.0 1.0 0.0 2.0 3.0 1.0 4.0
qw872 2028 2 0 7 2.0 7.0 0.0 1.0 1.0 1.0 4.0 8.0 3.0 3.0
xp871 2028 1 0 4 5.0 7.0 3.0 2.0 2.0 1.0 3.0 6.0 4.0 2.0
so870 2028 2 1 8 0.0 4.0 1.0 1.0 0.0 0.0 3.0 0.0 1.0 0.0
fw869 2026 1 0 0 6.0 5.0 5.0 0.0 0.0 4.0 4.0 1.0 0.0 0.0
qf868 2027 2 1 3 5.0 1.0 2.0 0.0 2.0 0.0 3.0 6.0 9.0 0.0
bc867 2028 1 0 0 1.0 3.0 5.0 1.0 0.0 0.0 0.0 5.0 9.0 2.0
aa866 2026 1 1 0 1.0 5.0 5.0 2.0 0.0 4.0 2.0 4.0 0.0 4.0
ey865 2028 2 2 4 6.0 4.0 8.0 0.0 1.0 3.0 4.0 1.0 11.0 1.0
ub864 2028 1 0 3 2.0 6.0 0.0 1.0 2.0 2.0 1.0 3.0 9.0 4.0
ty863 2026 1 0 0 1.0 6.0 5.0 1.0 2.0 3.0 2.0 2.0 10.0 3.0
xs862 2028 0 1 8 7.0 1.0 4.0 2.0 2.0 1.0 2.0 0.0 8.0 2.0
es861 2025 0 0 2 3.0 0.0 7.0 0.0 0.0 4.0 2.0 1.0 6.0 1.0
qj860 2028 0 1 0 4.0 4.0 2.0 0.0 0.0 0.0 3.0 1.0 11.0 4.0
pc859 2028 2 1 2 1.0 5.0 2.0 1.0 2.0 4.0 0.0 7.0 1.0 2.0
cn858 2026 2 0 6 5.0 2.0 0.0 0.0 2.0 1.0 4.0 8.0 4.0 2.0
rb857 2025 1 1 2 0.0 7.0 6.0 2.0 0.0 3.0 4.0 0.0 12.0 0.0
qc856 2025 0 0 8 5.0 2.0 0.0 1.0 2.0 0.0 2.0 7.0 10.0 4.0
zb855 2028 0 1 2 6.0 1.0 5.0 0.0 0.0 2.0 3.0 6.0 11.0 4.0
op854 2025 2 2 0 1.0 1.0 2.0 1.0 0.0 2.0 0.0 7.0 7.0 2.0
gs853 2025 1 2 1 4.0 4.0 5.0 0.0 1.0 3.0 3.0 6.0 10.0 1.0
yh852 2028 2 1 8 5.0 1.0 5.0 2.0 0.0 4.0 2.0 6.0 0.0 4.0
cm851 2026 1 2 3 0.0 0.0 4.0 0.0 0.0 0.0 2.0 7.0 7.0 1.0
rf850 2027 0 0 0 5.0 3.0 1.0 0.0 0.0 2.0 0.0 4.0 2.0 1.0
cc849 2028 0 0 5 7.0 2.0 1.0 2.0 1.0 2.0 3.0 0.0 12.0 1.0
hd848 2026 2 1 3 0.0 7.0 2.0 2.0 0.0 3.0 4.0 1.0 4.0 4.0
rz847 2028 0 2 8 4.0 7.0 4.0 2.0 1.0 4.0 1.0 3.0 6.0 0.0
qe846 2028 1 0 0 2.0 5.0 6.0 2.0 1.0 0.0 2.0 1.0 6.0 0.0
ei845 2028 0 2 1 0.0 8.0 7.0 1.0 0.0 1.0 3.0 4.0 9.0 2.0
bt844 2028 0 0 8 4.0 6.0 8.0 0.0 0.0 2.0 3.0 0.0 10.0 1.0
wd843 2028 2 1 3 1.0 5.0 5.0 1.0 2.0 0.0 3.0 2.0 10.0 2.0
as842 2026 1 0 5 6.0 6.0 1.0 0.0 2.0 3.0 4.0 4.0 11.0 0.0
mg841 2028 1 0 6 6.0 3.0 6.0 1.0 2.0 1.0 2.0 6.0 6.0 2.0
ma840 2027 1 1 8 5.0 7.0 1.0 2.0 0.0 4.0 4.0 2.0 3.0 1.0
cz839 2025 2 1 7 7.0 1.0 5.0 2.0 2.0 3.0 4.0 3.0 0.0 2.0
kb838 2028 1 2 5 4.0 2.0 8.0 0.0 0.0 2.0 2.0 3.0 8.0 3.0
nv837 2026 1 1 3 7.0 1.0 2.0 1.0 2.0 0.0 3.0 8.0 7.0 4.0
uu836 2026 2 2 1 6.0 0.0 4.0 0.0 1.0 1.0 3.0 4.0 10.0 3.0
km835 2025 0 0 0 1.0 8.0 3.0 0.0 0.0 2.0 4.0 0.0 9.0 0.0
je834 2026 0 0 2 4.0 7.0 0.0 1.0 2.0 2.0 2.0 8.0 8.0 0.0
mn833 2026 1 1 0 2.0 7.0 0.0 2.0 0.0 1.0 4.0 3.0 4.0 3.0
gq832 2028 0 2 3 0.0 6.0 5.0 2.0 0.0 4.0 4.0 3.0 1.0 4.0
no831 2025 0 2 6 5.0 1.0 8.0 1.0 2.0 3.0 0.0 3.0 11.0 1.0
eo830 2025 0 0 2 0.0 6.0 2.0 1.0 2.0 4.0 0.0 0.0 7.0 3.0
ww829 2028 0 2 0 2.0 0.0 6.0 1.0 2.0 1.0 1.0 3.0 6.0 4.0
xb828 2025 1 0 6 6.0 5.0 8.0 0.0 1.0 0.0 3.0 6.0 6.0 4.0
uf827 2028 0 2 3 4.0 2.0 1.0 2.0 0.0 3.0 3.0 6.0 4.0 2.0
op826 2027 1 2 0 6.0 1.0 8.0 0.0 0.0 3.0 2.0 4.0 3.0 2.0
en825 2026 1 1 7 6.0 2.0 8.0 0.0 1.0 0.0 0.0 2.0 9.0 3.0
pu824 2025 1 0 4 1.0 5.0 1.0 2.0 0.0 0.0 3.0 8.0 7.0 2.0
ch823 2028 0 0 7 1.0 3.0 4.0 0.0 0.0 4.0 3.0 7.0 1.0 4.0
am822 2028 0 1 1 0.0 1.0 8.0 1.0 1.0 3.0 4.0 2.0 4.0 0.0
tb821 2025 2 1 5 6.0 2.0 2.0 2.0 1.0 3.0 0.0 2.0 11.0 1.0
nm820 2026 2 2 7 6.0 1.0 1.0 1.0 2.0 3.0 0.0 8.0 12.0 2.0
gv819 2026 1 0 2 1.0 7.0 0.0 2.0 0.0 2.0 1.0 2.0 4.0 4.0
qb818 2028 1 0 2 5.0 8.0 6.0 1.0 0.0 2.0 1.0 1.0 11.0 2.0
hb817 2028 1 0 4 6.0 7.0 2.0 2.0 0.0 3.0 2.0 8.0 4.0 2.0
kx816 2028 0 1 7 6.0 0.0 3.0 0.0 0.0 4.0 4.0 1.0 5.0 2.0
zz815 2028 2 0 8 6.0 5.0 6.0 0.0 1.0 1.0 0.0 2.0 7.0 0.0
ik814 2028 1 0 4 1.0 6.0 4.0 0.0 0.0 0.0 4.0 2.0 7.0 4.0
uo813 2027 0 2 5 2.0 8.0 7.0 2.0 1.0 4.0 0.0 4.0 3.0 2.0
of812 2025 0 2 3 0.0 0.0 6.0 0.0 2.0 2.0 0.0 8.0 4.0 3.0
uw811 2025 0 1 2 7.0 2.0 6.0 0.0 0.0 2.0 2.0 3.0 2.0 0.0
bi810 2026 0 0 5 6.0 5.0 8.0 1.0 0.0 0.0 3.0 2.0 3.0 1.0
ud809 2026 2 1 5 0.0 4.0 5.0 1.0 2.0 0.0 3.0 5.0 8.0 0.0
xe808 2028 0 0 4 3.0 6.0 2.0 0.0 0.0 3.0 1.0 8.0 3.0 4.0
cs807 2028 1 2 1 3.0 7.0 1.0 2.0 0.0 3.0 4.0 5.0 1.0 3.0
cv806 2026 0 1 6 4.0 6.0 1.0 2.0 1.0 1.0 1.0 0.0 12.0 3.0
xd805 2027 1 1 8 7.0 8.0 1.0 2.0 1.0 0.0 1.0 5.0 11.0 4.0
xk804 2026 1 0 3 3.0 5.0 4.0 0.0 2.0 3.0 1.0 2.0 5.0 4.0
os803 2027 1 1 1 1.0 7.0 5.0 1.0 2.0 3.0 2.0 8.0 3.0 2.0
fh802 2027 1 1 2 1.0 7.0 1.0 2.0 1.0 2.0 4.0 2.0 6.0 2.0
ya801 2025 0 2 8 1.0 6.0 7.0 2.0 0.0 0.0 4.0 5.0 11.0 0.0
wg800 2025 2 1 5 2.0 0.0 2.0 1.0 2.0 1.0 3.0 7.0 3.0 4.0
uj799 2027 0 2 2 1.0 4.0 7.0 1.0 1.0 1.0 4.0 5.0 8.0 1.0
nj798 2026 1 1 2 3.0 7.0 5.0 1.0 1.0 4.0 4.0 8.0 9.0 3.0
fu797 2028 0 0 7 3.0 2.0 1.0 0.0 0.0 4.0 0.0 6.0 7.0 1.0
kp796 2025 1 1 7 4.0 5.0 8.0 2.0 2.0 1.0 1.0 8.0 11.0 1.0
qz795 2026 1 1 2 5.0 1.0 4.0 0.0 1.0 3.0 4.0 4.0 0.0 3.0
sz794 2026 2 1 4 4.0 1.0 0.0 1.0 0.0 0.0 4.0 1.0 10.0 1.0
xf793 2028 0 1 6 4.0 8.0 8.0 2.0 1.0 0.0 0.0 3.0 2.0 3.0
cy792 2027 1 2 1 7.0 5.0 1.0 1.0 0.0 1.0 2.0 6.0 5.0 1.0
bm791 2027 0 2 7 6.0 5.0 4.0 0.0 2.0 1.0 4.0 8.0 8.0 3.0
fp790 2027 1 2 5 1.0 2.0 8.0 0.0 2.0 4.0 0.0 4.0 7.0 3.0
mn789 2028 1 2 0 1.0 2.0 1.0 2.0 1.0 0.0 3.0 7.0 8.0 1.0
ez788 2025 2 1 7 1.0 8.0 6.0 1.0 0.0 0.0 3.0 7.0 12.0 4.0
mr787 2027 0 2 0 6.0 3.0 5.0 2.0 0.0 1.0 3.0 7.0 7.0 4.0
dc786 2027 2 2 1 1.0 8.0 2.0 1.0 2.0 1.0 1.0 7.0 7.0 2.0
wr785 2026 0 2 7 3.0 8.0 6.0 0.0 2.0 2.0 1.0 7.0 4.0 2.0
te784 2027 2 1 7 4.0 7.0 1.0 2.0 1.0 4.0 1.0 1.0 4.0 4.0
om783 2027 2 0 7 6.0 5.0 0.0 1.0 2.0 0.0 2.0 7.0 6.0 3.0
yt782 2026 2 1 3 4.0 6.0 5.0 2.0 2.0 4.0 2.0 8.0 1.0 2.0
ka781 2028 2 1 2 0.0 4.0 1.0 2.0 0.0 1.0 2.0 8.0 4.0 1.0
jy780 2026 2 2 7 6.0 4.0 2.0 2.0 2.0 3.0 1.0 3.0 12.0 3.0
tp779 2026 0 2 1 2.0 5.0 3.0 0.0 1.0 0.0 1.0 5.0 1.0 1.0
va778 2025 0 0 3 0.0 2.0 7.0 2.0 1.0 4.0 0.0 4.0 7.0 4.0
iy777 2025 0 2 5 3.0 2.0 7.0 0.0 0.0 1.0 2.0 4.0 10.0 1.0
fq776 2028 1 0 8 1.0 0.0 0.0 1.0 0.0 3.0 3.0 2.0 12.0 3.0
kj775 2027 2 0 7 7.0 4.0 5.0 2.0 1.0 2.0 4.0 0.0 8.0 2.0
zz774 2026 1 1 0 6.0 6.0 2.0 2.0 1.0 2.0 2.0 0.0 8.0 4.0
yo773 2025 0 0 3 5.0 4.0 2.0 1.0 1.0 0.0 2.0 8.0 4.0 3.0
ms772 2026 1 2 2 5.0 6.0 1.0 1.0 0.0 1.0 3.0 0.0 0.0 0.0
zv771 2026 2 1 1 7.0 1.0 8.0 1.0 1.0 4.0 2.0 6.0 7.0 3.0
tp770 2028 2 1 4 1.0 4.0 0.0 2.0 1.0 2.0 1.0 4.0 8.0 0.0
cj769 2028 0 2 1 6.0 0.0 8.0 2.0 1.0 1.0 2.0 8.0 3.0 3.0
gb768 2026 2 0 4 5.0 6.0 1.0 0.0 1.0 3.0 1.0 7.0 0.0 1.0
gy767 2028 1 0 7 2.0 0.0 4.0 1.0 1.0 3.0 0.0 6.0 7.0 3.0
tp766 2025 2 1 1 4.0 1.0 7.0 0.0 1.0 4.0 2.0 3.0 2.0 2.0
jv765 2027 2 1 2 2.0 2.0 8.0 1.0 2.0 1.0 3.0 4.0 4.0 3.0
lp764 2026 1 2 5 2.0 2.0 7.0 2.0 1.0 2.0 4.0 3.0 1.0 2.0
jt763 2025 1 1 8 3.0 2.0 0.0 1.0 2.0 3.0 4.0 5.0 4.0 0.0
az762 2025 1 0 4 3.0 0.0 7.0 0.0 2.0 2.0 4.0 1.0 2.0 2.0
sv761 2025 1 1 5 4.0 6.0 8.0 1.0 0.0 3.0 4.0 7.0 2.0 0.0
wo760 2025 0 2 5 5.0 1.0 7.0 2.0 0.0 2.0 2.0 2.0 3.0 4.0
zr759 2027 0 1 5 1.0 3.0 6.0 0.0 1.0 0.0 4.0 3.0 12.0 2.0
sf758 2027 2 2 1 3.0 0.0 2.0 2.0 0.0 1.0 3.0 1.0 12.0 2.0
sc757 2027 0 2 4 7.0 4.0 2.0 1.0 0.0 4.0 1.0 1.0 7.0 3.0
jt756 2026 1 1 1 1.0 1.0 3.0 0.0 0.0 4.0 1.0 0.0 2.0 1.0
gx755 2025 2 2 0 1.0 7.0 7.0 1.0 2.0 1.0 2.0 7.0 8.0 4.0
hr754 2028 0 2 0 3.0 2.0 0.0 2.0 2.0 4.0 4.0 7.0 6.0 0.0
yx753 2026 2 0 8 2.0 6.0 6.0 0.0 0.0 2.0 3.0 8.0 5.0 4.0
ax752 2027 1 2 1 4.0 7.0 2.0 1.0 0.0 0.0 2.0 1.0 12.0 2.0
vz751 2027 1 2 3 7.0 0.0 1.0 2.0 1.0 3.0 0.0 5.0 9.0 2.0
km750 2026 0 0 2 7.0 0.0 4.0 2.0 2.0 4.0 0.0 5.0 12.0 4.0
bn749 2028 1 1 8 7.0 4.0 8.0 1.0 2.0 1.0 0.0 3.0 7.0 4.0
ft748 2025 1 1 3 4.0 6.0 2.0 1.0 2.0 3.0 2.0 1.0 8.0 1.0
dw747 2025 0 2 8 6.0 7.0 7.0 0.0 1.0 0.0 0.0 6.0 1.0 0.0
hd746 2027 0 0 2 4.0 7.0 7.0 1.0 2.0 2.0 0.0 6.0 1.0 2.0
tw745 2028 0 1 2 7.0 7.0 7.0 2.0 2.0 0.0 0.0 1.0 6.0 3.0
sd744 2028 0 0 1 2.0 2.0 3.0 0.0 0.0 0.0 2.0 4.0 4.0 4.0
xz743 2026 0 0 6 2.0 2.0 5.0 2.0 2.0 1.0 1.0 5.0 2.0 4.0
jw742 2027 1 1 0 5.0 2.0 0.0 1.0 1.0 1.0 0.0 3.0 11.0 3.0
aa741 2026 2 0 8 2.0 4.0 6.0 2.0 0.0 1.0 0.0 5.0 8.0 3.0
ri740 2027 2 0 2 4.0 7.0 5.0 2.0 0.0 4.0 0.0 6.0 9.0 2.0
ey739 2025 0 0 4 2.0 6.0 5.0 2.0 2.0 2.0 4.0 5.0 9.0 3.0
nb738 2027 1 2 7 1.0 5.0 4.0 0.0 2.0 3.0 0.0 4.0 0.0 1.0
yj737 2025 2 2 3 0.0 1.0 2.0 0.0 1.0 4.0 3.0 1.0 4.0 3.0
am736 2027 1 1 5 6.0 2.0 7.0 2.0 2.0 0.0 0.0 2.0 9.0 3.0
bu735 2027 0 0 6 7.0 5.0 2.0 2.0 2.0 1.0 2.0 0.0 6.0 4.0
kb734 2025 2 0 7 5.0 7.0 3.0 1.0 0.0 2.0 2.0 1.0 2.0 0.0
kc733 2028 0 1 3 0.0 6.0 0.0 2.0 0.0 3.0 4.0 7.0 10.0 4.0
pf732 2026 0 0 4 2.0 1.0 8.0 1.0 1.0 1.0 4.0 5.0 3.0 2.0
md731 2028 0 0 5 5.0 0.0 3.0 1.0 1.0 0.0 2.0 1.0 1.0 2.0
jo730 2027 2 1 2 7.0 4.0 6.0 0.0 2.0 2.0 0.0 8.0 0.0 4.0
ky729 2027 2 2 1 0.0 1.0 0.0 0.0 2.0 1.0 2.0 7.0 10.0 3.0
ov728 2025 1 1 8 7.0 1.0 6.0 1.0 1.0 4.0 2.0 2.0 1.0 2.0
bm727 2027 0 2 3 1.0 6.0 1.0 2.0 1.0 3.0 1.0 3.0 5.0 3.0
uq726 2025 0 0 5 2.0 8.0 7.0 0.0 0.0 1.0 1.0 1.0 8.0 1.0
oq725 2027 2 0 2 3.0 6.0 6.0 1.0 0.0 1.0 1.0 7.0 8.0 2.0
dg724 2027 1 0 6 5.0 3.0 0.0 0.0 0.0 0.0 0.0 1.0 2.0 4.0
cn723 2028 0 2 0 7.0 1.0 8.0 1.0 1.0 3.0 1.0 5.0 3.0 2.0
qz722 2026 0 0 1 7.0 0.0 4.0 1.0 2.0 4.0 4.0 3.0 3.0 4.0
xe721 2027 1 2 8 5.0 5.0 3.0 0.0 2.0 1.0 0.0 5.0 2.0 2.0
gl720 2028 0 0 0 0.0 8.0 3.0 2.0 1.0 0.0 4.0 6.0 6.0 3.0
qk719 2025 1 1 0 0.0 3.0 3.0 0.0 2.0 3.0 4.0 2.0 10.0 3.0
ek718 2025 1 0 1 3.0 3.0 1.0 0.0 1.0 4.0 1.0 4.0 7.0 0.0
bw717 2026 0 0 7 7.0 5.0 3.0 2.0 2.0 3.0 0.0 0.0 8.0 4.0
vi716 2028 1 1 2 0.0 8.0 8.0 0.0 2.0 0.0 1.0 4.0 12.0 1.0
xl715 2027 2 2 6 1.0 3.0 0.0 0.0 2.0 4.0 2.0 3.0 10.0 3.0
bd714 2027 0 0 3 4.0 0.0 8.0 2.0 1.0 3.0 1.0 1.0 12.0 1.0
ev713 2027 0 0 2 7.0 3.0 0.0 2.0 2.0 3.0 1.0 5.0 0.0 1.0
tz712 2028 1 0 6 4.0 7.0 5.0 0.0 2.0 1.0 0.0 2.0 8.0 1.0
sl711 2025 0 2 7 6.0 1.0 4.0 0.0 0.0 4.0 0.0 4.0 5.0 2.0
bk710 2027 1 2 4 6.0 1.0 1.0 0.0 2.0 3.0 2.0 4.0 5.0 2.0
nj709 2027 1 0 3 7.0 5.0 8.0 0.0 2.0 0.0 3.0 8.0 10.0 1.0
fz708 2026 0 2 4 7.0 6.0 0.0 0.0 2.0 3.0 4.0 2.0 8.0 2.0
je707 2028 0 2 5 7.0 2.0 5.0 1.0 1.0 2.0 2.0 8.0 0.0 4.0
oi706 2027 0 1 2 0.0 7.0 8.0 0.0 2.0 1.0 1.0 4.0 0.0 3.0
gq705 2026 1 1 6 3.0 0.0 3.0 0.0 0.0 0.0 4.0 0.0 9.0 2.0
zs704 2025 1 2 5 0.0 0.0 4.0 2.0 2.0 3.0 2.0 7.0 3.0 0.0
py703 2028 0 1 0 5.0 2.0 7.0 1.0 2.0 4.0 0.0 0.0 11.0 3.0
ul702 2025 0 2 8 1.0 8.0 6.0 1.0 1.0 4.0 3.0 0.0 4.0 4.0
ox701 2028 2 2 3 5.0 4.0 4.0 2.0 1.0 3.0 3.0 4.0 5.0 0.0
ns700 2028 1 0 8 2.0 0.0 8.0 0.0 2.0 1.0 4.0 7.0 8.0 1.0
gn699 2025 2 1 0 3.0 5.0 1.0 2.0 0.0 0.0 1.0 0.0 2.0 4.0
bq698 2028 0 1 8 0.0 3.0 6.0 1.0 0.0 2.0 2.0 8.0 3.0 1.0
ko697 2027 0 2 3 1.0 5.0 1.0 2.0 2.0 4.0 4.0 8.0 11.0 1.0
le696 2026 0 2 1 2.0 4.0 3.0 0.0 0.0 4.0 0.0 2.0 10.0 2.0
js695 2027 0 1 8 0.0 8.0 4.0 1.0 2.0 2.0 3.0 1.0 10.0 4.0
yv694 2025 1 2 7 5.0 6.0 2.0 1.0 0.0 4.0 1.0 0.0 5.0 4.0
ay693 2028 1 2 3 0.0 6.0 4.0 1.0 1.0 3.0 0.0 5.0 2.0 1.0
ts692 2028 0 0 7 5.0 8.0 3.0 1.0 0.0 3.0 4.0 3.0 5.0 0.0
xg691 2025 1 0 5 1.0 3.0 5.0 0.0 2.0 4.0 0.0 0.0 1.0 3.0
qc690 2027 0 2 8 0.0 7.0 0.0 1.0 1.0 3.0 2.0 7.0 10.0 1.0
ky689 2028 1 0 3 3.0 1.0 6.0 1.0 1.0 2.0 4.0 8.0 0.0 0.0
ec688 2027 0 2 4 0.0 8.0 6.0 1.0 2.0 0.0 2.0 1.0 4.0 2.0
ok687 2028 1 2 7 2.0 0.0 2.0 1.0 2.0 3.0 0.0 1.0 9.0 4.0
yu686 2026 1 1 1 3.0 4.0 5.0 2.0 0.0 0.0 1.0 2.0 2.0 4.0
hi685 2026 2 2 6 7.0 1.0 2.0 1.0 1.0 3.0 2.0 5.0 12.0 1.0
dp684 2025 0 1 8 1.0 8.0 8.0 1.0 1.0 2.0 3.0 5.0 6.0 2.0
by683 2026 0 1 2 5.0 5.0 0.0 0.0 1.0 3.0 3.0 2.0 3.0 4.0
aj682 2028 2 2 8 1.0 2.0 2.0 0.0 1.0 3.0 4.0 8.0 10.0 4.0
bw681 2028 0 1 2 1.0 5.0 6.0 1.0 1.0 4.0 1.0 5.0 11.0 1.0
ij680 2025 0 2 3 5.0 5.0 6.0 2.0 2.0 4.0 3.0 0.0 3.0 4.0
mo679 2025 0 0 1 7.0 0.0 5.0 1.0 0.0 2.0 4.0 7.0 2.0 0.0
wl678 2026 0 2 1 0.0 2.0 6.0 0.0 0.0 1.0 3.0 5.0 7.0 2.0
qs677 2028 0 2 6 7.0 4.0 3.0 2.0 2.0 4.0 3.0 5.0 8.0 3.0
zt676 2026 2 2 8 3.0 3.0 0.0 2.0 0.0 1.0 0.0 0.0 0.0 2.0
ri675 2028 2 1 6 4.0 3.0 6.0 0.0 2.0 0.0 4.0 6.0 12.0 3.0
is674 2025 1 0 0 6.0 0.0 8.0 0.0 1.0 0.0 4.0 4.0 1.0 2.0
ys673 2028 1 0 6 1.0 2.0 5.0 1.0 1.0 3.0 2.0 1.0 4.0 3.0
ab672 2027 2 0 6 6.0 6.0 2.0 1.0 2.0 0.0 1.0 3.0 3.0 3.0
vp671 2027 1 2 7 7.0 1.0 5.0 2.0 1.0 0.0 1.0 2.0 7.0 0.0
je670 2027 1 2 2 6.0 1.0 5.0 2.0 2.0 4.0 3.0 0.0 1.0 1.0
rg669 2028 2 0 8 6.0 3.0 5.0 2.0 2.0 4.0 1.0 6.0 7.0 0.0
du668 2025 1 0 2 4.0 5.0 3.0 2.0 0.0 0.0 4.0 7.0 11.0 4.0
cg667 2026 0 2 5 5.0 8.0 1.0 2.0 1.0 0.0 2.0 4.0 11.0 4.0
lm666 2027 0 2 7 6.0 1.0 7.0 2.0 0.0 2.0 3.0 4.0 1.0 3.0
gq665 2026 2 2 6 7.0 7.0 1.0 1.0 0.0 2.0 4.0 0.0 8.0 2.0
du664 2025 1 2 2 6.0 2.0 3.0 1.0 2.0 1.0 1.0 4.0 5.0 2.0
my663 2028 2 1 4 4.0 2.0 2.0 2.0 2.0 4.0 0.0 5.0 0.0 0.0
at662 2028 0 1 6 3.0 0.0 4.0 2.0 0.0 2.0 0.0 3.0 2.0 2.0
ym661 2025 1 0 7 4.0 6.0 3.0 1.0 2.0 1.0 2.0 8.0 11.0 1.0
fm660 2028 2 1 0 1.0 4.0 0.0 0.0 0.0 3.0 3.0 3.0 3.0 2.0
aj659 2026 0 2 5 4.0 6.0 7.0 0.0 1.0 2.0 1.0 0.0 6.0 3.0
sq658 2025 2 2 4 7.0 2.0 5.0 2.0 0.0 2.0 1.0 7.0 6.0 2.0
bc657 2025 1 2 4 3.0 1.0 0.0 1.0 1.0 3.0 1.0 5.0 6.0 1.0
bx656 2026 2 2 8 0.0 0.0 7.0 2.0 1.0 4.0 0.0 7.0 3.0 0.0
qb655 2028 0 2 0 1.0 4.0 4.0 2.0 0.0 0.0 3.0 1.0 9.0 0.0
be654 2026 0 2 2 0.0 4.0 1.0 2.0 1.0 1.0 3.0 3.0 8.0 4.0
xq653 2027 1 1 6 3.0 1.0 1.0 2.0 0.0 2.0 1.0 3.0 6.0 1.0
ti652 2027 2 2 3 1.0 3.0 0.0 0.0 2.0 2.0 3.0 4.0 5.0 3.0
mr651 2025 0 1 3 0.0 3.0 6.0 1.0 2.0 3.0 1.0 8.0 5.0 1.0
pv650 2025 1 1 2 0.0 4.0 8.0 2.0 0.0 3.0 2.0 4.0 8.0 1.0
qw649 2026 1 1 1 6.0 4.0 0.0 1.0 1.0 3.0 4.0 8.0 3.0 4.0
rg648 2027 2 1 7 7.0 1.0 6.0 1.0 1.0 4.0 1.0 0.0 3.0 4.0
fz647 2027 2 0 3 2.0 1.0 1.0 2.0 1.0 2.0 3.0 4.0 8.0 3.0
li646 2027 0 0 4 5.0 7.0 5.0 1.0 0.0 2.0 2.0 7.0 4.0 3.0
pm645 2027 0 1 8 4.0 1.0 3.0 2.0 2.0 1.0 0.0 7.0 12.0 3.0
vi644 2026 1 1 5 2.0 4.0 1.0 0.0 1.0 2.0 2.0 2.0 4.0 1.0
uz643 2028 0 2 2 4.0 6.0 8.0 2.0 0.0 4.0 2.0 0.0 9.0 0.0
ms642 2026 1 1 5 3.0 7.0 5.0 0.0 0.0 1.0 0.0 1.0 1.0 2.0
lb641 2028 2 1 2 3.0 7.0 5.0 0.0 0.0 1.0 4.0 6.0 7.0 0.0
gj640 2025 0 0 3 5.0 3.0 5.0 2.0 1.0 4.0 4.0 7.0 3.0 3.0
cd639 2025 1 0 4 0.0 6.0 0.0 2.0 1.0 1.0 3.0 6.0 3.0 4.0
ny638 2028 2 0 6 4.0 4.0 3.0 2.0 1.0 2.0 1.0 1.0 11.0 4.0
ob637 2025 1 0 5 4.0 7.0 7.0 2.0 2.0 2.0 4.0 4.0 1.0 2.0
dh636 2027 2 0 2 5.0 0.0 2.0 2.0 0.0 0.0 2.0 4.0 0.0 0.0
ye635 2027 0 2 3 7.0 2.0 0.0 0.0 0.0 1.0 0.0 5.0 9.0 2.0
pq634 2028 2 0 7 0.0 2.0 8.0 1.0 2.0 2.0 4.0 5.0 12.0 3.0
bb633 2027 2 1 3 5.0 6.0 2.0 2.0 0.0 1.0 0.0 0.0 6.0 3.0
tf632 2025 2 0 6 3.0 1.0 0.0 0.0 1.0 2.0 1.0 7.0 7.0 2.0
gi631 2027 1 0 4 6.0 1.0 6.0 0.0 1.0 0.0 0.0 5.0 2.0 0.0
tv630 2025 0 0 4 5.0 8.0 6.0 2.0 0.0 2.0 2.0 0.0 9.0 0.0
zp629 2028 2 1 1 5.0 3.0 5.0 0.0 1.0 4.0 1.0 6.0 8.0 0.0
bw628 2026 0 0 0 2.0 2.0 4.0 0.0 1.0 0.0 3.0 8.0 2.0 1.0
fj627 2026 1 0 0 7.0 0.0 7.0 0.0 1.0 1.0 0.0 1.0 6.0 2.0
pr626 2027 2 2 1 1.0 0.0 8.0 2.0 0.0 0.0 3.0 3.0 3.0 0.0
tw625 2026 2 2 2 2.0 6.0 3.0 0.0 1.0 1.0 1.0 2.0 10.0 0.0
mp624 2026 0 1 7 0.0 2.0 6.0 0.0 0.0 2.0 4.0 4.0 10.0 4.0
jl623 2028 2 0 2 3.0 8.0 6.0 0.0 1.0 2.0 3.0 0.0 8.0 0.0
uj622 2028 0 2 2 3.0 5.0 2.0 0.0 1.0 2.0 2.0 7.0 11.0 0.0
pz621 2028 0 1 7 6.0 2.0 7.0 0.0 2.0 3.0 4.0 7.0 0.0 1.0
rb620 2027 2 2 3 5.0 1.0 4.0 0.0 1.0 0.0 0.0 4.0 1.0 4.0
wa619 2027 0 0 4 2.0 8.0 3.0 2.0 2.0 1.0 4.0 7.0 8.0 0.0
ro618 2027 0 1 3 3.0 8.0 0.0 1.0 0.0 4.0 3.0 2.0 3.0 2.0
lv617 2025 2 1 8 5.0 5.0 5.0 1.0 2.0 4.0 0.0 3.0 9.0 3.0
cb616 2028 0 0 1 0.0 8.0 3.0 2.0 2.0 1.0 2.0 7.0 8.0 2.0
xy615 2027 2 2 0 6.0 7.0 7.0 0.0 0.0 1.0 1.0 4.0 0.0 1.0
fi614 2027 0 2 3 0.0 5.0 8.0 1.0 0.0 0.0 1.0 1.0 12.0 0.0
tx613 2026 2 1 4 2.0 0.0 3.0 0.0 1.0 0.0 2.0 1.0 7.0 3.0
cz612 2026 0 0 7 5.0 6.0 5.0 1.0 2.0 4.0 1.0 1.0 8.0 2.0
gp611 2026 2 1 5 2.0 8.0 4.0 2.0 1.0 4.0 4.0 0.0 11.0 3.0
hq610 2027 1 2 4 2.0 7.0 6.0 0.0 1.0 3.0 2.0 0.0 7.0 0.0
io609 2027 1 2 5 3.0 7.0 5.0 0.0 2.0 2.0 1.0 6.0 4.0 2.0
wc608 2028 1 1 5 7.0 5.0 1.0 1.0 2.0 0.0 2.0 2.0 6.0 3.0
ad607 2026 2 2 7 1.0 1.0 3.0 2.0 1.0 0.0 4.0 5.0 12.0 4.0
cp606 2027 2 2 1 1.0 0.0 0.0 1.0 2.0 0.0 4.0 6.0 0.0 4.0
gb605 2027 2 1 2 0.0 5.0 8.0 1.0 1.0 4.0 4.0 4.0 9.0 1.0
zh604 2027 1 2 7 2.0 1.0 0.0 0.0 0.0 0.0 0.0 4.0 6.0 0.0
mh603 2026 2 2 6 2.0 5.0 4.0 2.0 0.0 0.0 0.0 0.0 3.0 2.0
rq602 2028 1 2 5 6.0 7.0 7.0 0.0 2.0 1.0 0.0 1.0 3.0 1.0
dy601 2028 1 2 7 7.0 3.0 3.0 2.0 2.0 2.0 4.0 7.0 1.0 0.0
fl600 2028 0 0 6 6.0 8.0 0.0 2.0 1.0 1.0 0.0 2.0 9.0 0.0
jl599 2027 1 2 5 3.0 0.0 7.0 1.0 0.0 1.0 2.0 4.0 8.0 2.0
iq598 2027 0 2 4 6.0 6.0 3.0 2.0 1.0 3.0 2.0 2.0 1.0 0.0
gj597 2028 2 1 5 2.0 2.0 5.0 2.0 1.0 3.0 4.0 7.0 10.0 2.0
gu596 2027 2 2 2 7.0 0.0 8.0 1.0 0.0 4.0 4.0 4.0 6.0 2.0
gy595 2026 2 2 8 3.0 3.0 0.0 1.0 0.0 1.0 1.0 6.0 5.0 4.0
cw594 2025 0 1 8 3.0 7.0 0.0 1.0 0.0 3.0 2.0 4.0 4.0 2.0
ec593 2025 1 1 6 2.0 0.0 5.0 1.0 2.0 3.0 0.0 6.0 3.0 2.0
xq592 2025 0 2 5 3.0 6.0 2.0 0.0 0.0 1.0 0.0 8.0 7.0 2.0
zm591 2028 1 0 5 5.0 4.0 3.0 2.0 0.0 1.0 1.0 4.0 0.0 2.0
dc590 2027 0 1 8 0.0 1.0 7.0 2.0 2.0 0.0 0.0 2.0 5.0 3.0
ef589 2025 1 2 4 3.0 7.0 3.0 0.0 1.0 1.0 3.0 1.0 10.0 4.0
kb588 2027 1 0 0 5.0 7.0 5.0 0.0 0.0 4.0 0.0 6.0 8.0 0.0
ur587 2025 2 0 7 4.0 3.0 8.0 0.0 0.0 2.0 3.0 8.0 8.0 1.0
nz586 2028 2 0 1 2.0 1.0 2.0 1.0 1.0 2.0 3.0 6.0 10.0 4.0
dh585 2026 2 2 6 1.0 4.0 6.0 2.0 0.0 1.0 2.0 8.0 8.0 0.0
ld584 2026 0 0 1 2.0 7.0 5.0 1.0 0.0 0.0 3.0 2.0 6.0 3.0
ar583 2028 1 0 3 7.0 5.0 0.0 2.0 0.0 0.0 4.0 3.0 11.0 2.0
mn582 2028 2 0 4 6.0 7.0 7.0 0.0 1.0 4.0 1.0 3.0 8.0 2.0
nd581 2028 1 0 5 7.0 5.0 1.0 0.0 0.0 2.0 0.0 5.0 8.0 4.0
ed580 2026 2 2 6 5.0 4.0 7.0 0.0 2.0 2.0 0.0 7.0 4.0 1.0
jm579 2027 0 2 2 3.0 3.0 7.0 1.0 2.0 1.0 4.0 3.0 6.0 2.0
rz578 2025 0 0 4 0.0 5.0 7.0 0.0 0.0 3.0 4.0 1.0 7.0 0.0
za577 2025 0 0 6 0.0 0.0 8.0 0.0 2.0 3.0 2.0 2.0 10.0 2.0
wd576 2028 0 0 5 2.0 3.0 8.0 2.0 1.0 3.0 4.0 0.0 2.0 3.0
qs575 2028 0 0 0 3.0 4.0 5.0 2.0 0.0 2.0 1.0 1.0 4.0 0.0
fo574 2027 2 2 2 7.0 5.0 3.0 2.0 2.0 3.0 4.0 1.0 7.0 4.0
jn573 2027 0 0 8 2.0 5.0 4.0 1.0 0.0 1.0 1.0 1.0 6.0 0.0
vb572 2028 1 1 5 0.0 4.0 8.0 0.0 0.0 1.0 2.0 4.0 9.0 3.0
oj571 2026 0 0 5 2.0 5.0 7.0 2.0 2.0 1.0 3.0 8.0 1.0 3.0
gz570 2028 0 2 5 0.0 1.0 7.0 1.0 2.0 4.0 2.0 0.0 12.0 2.0
kz569 2026 1 2 3 3.0 3.0 3.0 1.0 1.0 1.0 4.0 4.0 0.0 4.0
kn568 2028 0 0 3 6.0 0.0 0.0 2.0 2.0 4.0 2.0 5.0 9.0 4.0
uc567 2025 2 0 3 2.0 0.0 1.0 1.0 0.0 2.0 2.0 1.0 4.0 3.0
zq566 2027 0 2 5 0.0 6.0 1.0 2.0 2.0 0.0 4.0 2.0 8.0 4.0
az565 2027 0 0 0 5.0 0.0 4.0 2.0 1.0 4.0 3.0 8.0 1.0 1.0
hp564 2027 1 1 1 7.0 6.0 3.0 1.0 0.0 2.0 3.0 5.0 5.0 1.0
lj563 2026 1 0 7 1.0 0.0 3.0 1.0 2.0 1.0 1.0 2.0 0.0 0.0
sn562 2028 1 1 1 3.0 3.0 6.0 0.0 1.0 3.0 3.0 1.0 0.0 3.0
bu561 2025 2 1 0 0.0 1.0 0.0 0.0 0.0 0.0 0.0 4.0 11.0 0.0
ab560 2026 2 2 8 1.0 6.0 1.0 0.0 2.0 4.0 2.0 1.0 9.0 0.0
rw559 2027 0 0 2 7.0 3.0 1.0 0.0 2.0 3.0 4.0 2.0 6.0 0.0
we558 2027 2 2 4 2.0 5.0 4.0 1.0 0.0 3.0 3.0 4.0 8.0 3.0
lo557 2025 0 1 5 3.0 0.0 7.0 1.0 0.0 3.0 1.0 3.0 6.0 1.0
ra556 2027 0 1 5 0.0 5.0 1.0 0.0 0.0 4.0 2.0 6.0 11.0 2.0
ko555 2028 0 2 3 7.0 7.0 1.0 2.0 0.0 2.0 0.0 5.0 9.0 2.0
fs554 2028 1 0 7 0.0 3.0 5.0 2.0 1.0 2.0 1.0 0.0 9.0 2.0
ye553 2025 1 0 8 7.0 4.0 2.0 2.0 1.0 0.0 2.0 0.0 9.0 2.0
oy552 2026 0 2 4 5.0 1.0 4.0 2.0 1.0 3.0 4.0 8.0 4.0 4.0
id551 2027 1 0 2 7.0 5.0 3.0 2.0 1.0 4.0 4.0 1.0 10.0 2.0
ii550 2025 2 0 7 0.0 8.0 4.0 1.0 1.0 4.0 4.0 7.0 0.0 2.0
rd549 2028 0 0 0 3.0 6.0 3.0 1.0 1.0 3.0 2.0 0.0 0.0 0.0
xn548 2028 1 2 7 5.0 4.0 1.0 1.0 2.0 2.0 4.0 3.0 7.0 0.0
yk547 2026 1 1 2 4.0 0.0 2.0 1.0 0.0 2.0 0.0 8.0 11.0 4.0
xt546 2028 1 0 7 0.0 1.0 6.0 0.0 0.0 3.0 3.0 7.0 3.0 1.0
cu545 2027 1 2 5 2.0 2.0 3.0 1.0 0.0 2.0 0.0 7.0 5.0 2.0
at544 2026 2 2 7 5.0 0.0 8.0 1.0 0.0 2.0 4.0 6.0 8.0 1.0
yh543 2028 1 2 8 3.0 1.0 5.0 1.0 2.0 1.0 1.0 0.0 11.0 3.0
qq542 2026 2 2 2 7.0 7.0 1.0 2.0 1.0 0.0 2.0 3.0 3.0 0.0
nl541 2027 1 1 7 2.0 2.0 5.0 0.0 0.0 3.0 2.0 3.0 11.0 3.0
la540 2028 1 0 4 4.0 4.0 8.0 0.0 0.0 3.0 4.0 0.0 5.0 3.0
ks539 2025 0 2 1 7.0 1.0 2.0 1.0 0.0 1.0 1.0 3.0 4.0 0.0
zb538 2028 2 2 2 4.0 0.0 1.0 1.0 1.0 4.0 1.0 6.0 6.0 4.0
ab537 2028 0 2 7 1.0 6.0 6.0 0.0 2.0 1.0 0.0 4.0 4.0 4.0
xo536 2027 0 2 4 2.0 8.0 6.0 2.0 2.0 3.0 0.0 1.0 1.0 3.0
us535 2028 1 0 1 2.0 5.0 3.0 2.0 0.0 4.0 3.0 3.0 6.0 3.0
gh534 2027 0 2 8 5.0 1.0 6.0 2.0 1.0 0.0 1.0 4.0 4.0 0.0
bo533 2028 2 2 7 3.0 2.0 1.0 0.0 2.0 3.0 0.0 5.0 4.0 2.0
vx532 2026 0 2 1 1.0 0.0 1.0 1.0 0.0 0.0 4.0 0.0 1.0 0.0
kb531 2027 1 2 3 3.0 6.0 2.0 2.0 1.0 4.0 1.0 4.0 6.0 1.0
tw530 2028 2 2 6 6.0 4.0 8.0 0.0 2.0 3.0 2.0 5.0 5.0 2.0
wn529 2025 1 2 5 3.0 8.0 7.0 1.0 0.0 2.0 1.0 0.0 3.0 3.0
cq528 2025 1 2 1 0.0 7.0 2.0 2.0 1.0 1.0 2.0 5.0 4.0 1.0
en527 2025 0 2 7 4.0 0.0 3.0 1.0 0.0 4.0 1.0 6.0 11.0 0.0
hp526 2028 1 0 1 1.0 1.0 6.0 1.0 2.0 2.0 0.0 0.0 7.0 4.0
oj525 2028 2 0 7 1.0 1.0 4.0 0.0 0.0 3.0 4.0 0.0 12.0 1.0
bv524 2027 2 1 1 4.0 6.0 4.0 2.0 0.0 3.0 2.0 3.0 4.0 3.0
qv523 2025 1 2 1 0.0 7.0 1.0 1.0 1.0 4.0 4.0 0.0 9.0 2.0
da522 2027 2 1 6 7.0 3.0 1.0 0.0 2.0 0.0 2.0 7.0 9.0 4.0
xp521 2025 0 1 3 3.0 1.0 4.0 1.0 1.0 0.0 2.0 0.0 0.0 1.0
mn520 2027 1 2 1 4.0 4.0 1.0 1.0 0.0 2.0 2.0 0.0 4.0 0.0
ms519 2025 2 1 3 4.0 0.0 8.0 2.0 2.0 1.0 2.0 6.0 10.0 0.0
tk518 2027 2 2 3 1.0 4.0 0.0 2.0 1.0 4.0 0.0 0.0 0.0 3.0
wo517 2027 0 0 5 0.0 2.0 0.0 1.0 0.0 2.0 3.0 6.0 9.0 1.0
zk516 2025 0 0 0 5.0 8.0 2.0 2.0 2.0 2.0 3.0 1.0 5.0 0.0
eb515 2025 0 2 1 0.0 4.0 0.0 2.0 1.0 2.0 1.0 1.0 5.0 1.0
gp514 2028 2 0 7 4.0 1.0 4.0 2.0 0.0 4.0 2.0 6.0 9.0 1.0
ux513 2028 1 0 1 7.0 3.0 6.0 1.0 0.0 1.0 4.0 4.0 9.0 1.0
dr512 2027 0 0 6 5.0 2.0 5.0 1.0 2.0 2.0 2.0 2.0 2.0 3.0
pk511 2028 2 0 6 1.0 0.0 7.0 0.0 1.0 3.0 0.0 0.0 8.0 2.0
ad510 2028 2 0 3 6.0 8.0 0.0 2.0 0.0 0.0 3.0 6.0 3.0 2.0
mq509 2025 0 1 1 7.0 0.0 5.0 1.0 1.0 0.0 0.0 5.0 5.0 2.0
rw508 2026 0 0 3 1.0 1.0 2.0 1.0 0.0 4.0 0.0 6.0 5.0 0.0
rt507 2025 2 0 5 2.0 8.0 4.0 0.0 0.0 4.0 4.0 6.0 11.0 3.0
cs506 2025 2 1 2 6.0 7.0 2.0 0.0 1.0 0.0 4.0 4.0 2.0 3.0
ef505 2028 1 2 7 6.0 3.0 6.0 0.0 1.0 1.0 4.0 1.0 7.0 1.0
mj504 2025 1 2 8 1.0 2.0 1.0 1.0 2.0 0.0 0.0 2.0 11.0 4.0
mg503 2027 1 2 7 3.0 2.0 8.0 0.0 1.0 1.0 1.0 7.0 1.0 4.0
mz502 2026 1 1 2 7.0 6.0 3.0 2.0 1.0 0.0 1.0 1.0 5.0 1.0
iq501 2026 2 2 1 1.0 5.0 3.0 2.0 2.0 3.0 4.0 3.0 5.0 0.0